10035 10132
10157 10526
10182 10547
10199 10613
10277 10894
10455 11032
10745 11121
10927 11642
10977 11644
11070 11644
11119 11644
11323 11644
11418 11644
11644 11644
11688 11644
11923 11644
12020 11644
12038 11644
12275 11644
12372 11644
12421 11707
12505 11753
12733 11782
12745 11955
12765 12029
12791 12263
12926 12437
12962 12706
13052 12727
13598 12880
13638 13010
13674 13121
13789 13153
13983 13349
14029 13599
14118 13674
14393 13674
14394 13754
14454 13794
14475 14043
14617 14164
14726 14329
14769 14393
14783 14393
14870 14393
14897 14393
14907 14393
14981 14393
15233 14475
15310 14475
15340 14475
15530 14475
15788 14475
15820 14475
15973 14475
16045 14475
16350 14475
16366 14475
16433 14475
16445 14535
16493 14664
16588 14746
16648 15010
16709 15174
16740 15558
16766 15634
16797 15919
16884 16105
16933 16129
17018 16168
17156 16530
17168 16547
17211 16739
17296 16880
17329 16926
17576 16942
17585 17058
17629 17211
17768 17329
17858 17329
17980 17329
18030 17329
18302 17329
18314 17435
18449 17504
18514 17822
18522 17838
18570 17882
18656 18020
18802 18029
18806 18220
18908 18593
18948 19016
19028 19028
19074 19028
19125 19028
19440 19028
19546 19028
19569 19028
19794 19028
19850 19028
19976 19028
20016 19028
20053 19028
20185 19028
20389 19028
20440 19411
20457 19658
20780 19794
20838 19794
21158 19794
21169 19794
21422 19794
21544 19794
21864 19794
21894 19794
21990 19794
22054 19814
22133 19922
22195 20022
22206 20051
22233 20185
22253 20768
22284 20805
22432 20850
22454 21256
22504 21269
22651 21503
22665 21548
22741 21589
22743 21651
22849 21671
22980 21675
23166 22132
23262 22185
23347 22264
23537 22417
23559 22556
23617 22671
23747 22876
23817 22904
23830 22984
23853 23005
23867 23250
23895 23344
23901 23361
24045 23483
24096 23489
24130 23522
24233 23537
24277 23537
24326 23537
24345 23537
24565 23537
24599 23537
24686 23537
24700 23559
24813 23559
24880 23559
24897 23559
24976 23559
25058 23559
25104 23559
25231 23559
25255 23559
25416 23559
25518 23559
25529 23559
25569 23559
25578 23559
25755 23559
25887 23559
26032 23559
26128 23559
26151 23559
26155 23991
26338 24077
26342 24149
26352 24325
26420 24394
26442 24410
26521 24477
26630 24603
26704 24803
27110 24813
27116 24813
27151 24813
27162 24977
27300 25205
27423 25234
27539 25255
27567 25255
27712 25255
28046 25255
28070 25255
28090 25255
28242 25255
28374 25255
28527 25255
28626 25255
28634 25255
28664 25355
28725 25761
28750 25963
28752 26134
28850 26154
28873 26236
28895 26257
29180 26258
29278 26340
29289 26351
29338 26450
29429 26879
29577 27206
29713 27305
29922 27363
29972 27393
30088 27554
30105 27805
30183 27995
30203 28090
30425 28090
30656 28090
30669 28090
30825 28090
30851 28090
31065 28090
31258 28090
31274 28090
31308 28090
31582 28090
31602 28090
31642 28090
31808 28090
31910 28090
31946 28090
31995 28090
32140 28090
32145 28135
32238 28221
32282 28580
32296 28656
32302 29073
32305 29145
32562 29252
32628 29253
32693 29274
32730 29324
32829 29952
32872 30191
32876 30362
32984 30486
33033 30520
33062 30817
33070 31053
33168 31274
33263 31274
33675 31274
33687 31274
33740 31274
33841 31274
33961 31274
34074 31274
34167 31274
34368 31274
34475 31274
34548 31274
34580 31274
34583 31274
34613 31274
34668 31274
34685 31274
34774 31808
34897 31808
35019 31808
35153 31808
35184 31808
35192 31808
35509 31808
35520 31808
35563 31808
35868 31976
35903 32572
36038 32617
36161 32630
36207 32684
36237 32708
36311 32858
36328 33007
36353 33040
36560 33046
36599 33051
36628 33135
36641 33190
36822 33425
36906 33458
36918 34155
36962 34348
36963 34362
37032 34363
37065 34697
37085 34798
37168 34840
37184 34969
37215 35143
37256 35340
37265 35509
37289 35509
37444 35509
37792 35509
37908 35601
37929 35922
38077 35965
38310 36159
38749 36177
38816 36207
38901 36207
39064 36207
39222 36207
39262 36207
39267 36207
39269 36207
39344 36244
39376 36423
39404 36493
39433 36588
39569 36590
39649 36831
39793 36888
39875 37003
40005 37102
40017 37109
40041 37150
40271 37199
40453 37514
40511 37517
40561 37556
40620 37760
40642 38248
40817 38297
40958 38385
41010 38485
41083 38495
41095 38709
41209 38755
41230 38984
41260 39062
41322 39113
41470 39170
41542 39176
41563 39378
41620 39875
41733 39875
41846 39885
41848 39984
41963 40091
42043 40116
42162 40186
42288 40380
42302 40382
42426 40593
42462 40674
42466 40690
42568 40848
42616 40884
42810 40953
42922 41226
42967 41345
42998 41532
43026 41563
43064 41563
43067 41563
43173 41563
43278 41563
43348 41563
43479 41563
43518 41563
43557 41563
43601 41626
43736 41637
43756 41643
43800 41682
43828 41828
44080 42297
44093 42610
44179 42720
44495 43252
44529 43448
44559 43636
44613 44111
44692 44260
44788 44529
44812 44529
44954 44529
44955 44529
44974 44529
45186 44529
45304 44529
45346 44529
45439 44529
45573 44529
45595 44529
45773 44529
45832 44529
45987 44529
46008 44529
46011 44529
46148 44529
46178 44661
46200 44754
46218 45159
46278 45253
46294 45545
46361 45566
46436 45568
46501 45653
46579 45722
46677 46071
46783 46609
46925 46787
46937 47209
46974 47412
46987 47607
47016 47673
47026 47771
47043 47827
47309 48139
47443 48229
47653 48282
47719 48589
47754 48720
47779 48858
47882 49013
47973 49887
48148 49951
48195 50038
48250 50075
48519 50141
48657 50141
48884 50141
48949 50141
48964 50141
49062 50141
49107 50141
49155 50141
49175 50141
49247 50141
49424 50141
49473 50141
49486 50141
49489 50141
49504 50141
49512 50216
49534 50490
49546 50674
49641 50674
49710 50674
49712 50674
49762 50674
49914 50713
50048 50713
50136 50713
50141 50713
50205 50713
50217 50713
50332 50713
50367 50713
50436 50713
50452 50713
50512 50713
50520 50763
50656 50799
50674 50801
50682 50906
50688 50936
50692 50980
50713 50980
50774 50980
50948 50980
50980 50980
51026 50980
51050 50980
51132 50980
51236 50980
51425 50980
51569 50980
51608 50980
51616 50980
51692 50980
51728 50980
51780 50980
52001 50980
52344 50980
52358 50980
52396 50980
52443 51278
52493 51322
52605 51611
52708 51614
52750 51641
52770 51667
52782 51790
52930 51860
52993 52073
53030 52104
53044 52161
53145 52439
53210 52490
53324 52634
53349 52845
53388 52856
53514 53005
53671 53026
53735 53033
53828 53056
53848 53090
53937 53324
54296 53324
54474 53324
54609 53324
54719 53324
54724 53324
54925 53324
55038 53324
55068 53324
55149 53324
55176 53324
55227 53324
55426 53324
55564 53324
55623 53394
55650 53465
55723 53505
55847 53525
55863 54116
55932 54273
55988 54436
56009 54526
56231 54676
56373 54726
56642 54974
56722 54998
56773 55412
56890 55754
56971 56048
56993 56227
57169 56568
57298 56764
57579 57003
57630 57101
57642 57166
57652 57338
57671 57352
57890 57394
57894 57408
58041 57523
58072 57644
58096 57646
58399 57954
58695 58330
58770 58345
58887 58381
58920 58818
59137 58896
59228 59200
59354 59278
59490 59345
59824 59381
60008 59423
60161 59660
60226 59662
60391 59688
60650 59930
60708 60052
60768 60096
60796 60320
60842 60336
60923 60500
60947 60515
61064 60686
61101 60744
61156 60809
61169 61399
61175 61765
61221 61783
61436 61868
61544 61967
61588 61967
61650 61967
61776 61987
61837 62226
61842 62368
61920 62680
61967 62764
62012 63269
62082 63410
62091 63748
62181 63753
62271 63910
62281 64160
62309 64314
62342 64460
62355 64641
62372 64775
62426 64932
62522 65309
62591 65310
62752 65322
62825 65322
62981 65322
63026 65322
63029 65322
63175 65322
63235 65322
63251 65322
63375 65322
63666 65322
63747 65322
63899 65322
63926 65333
63942 65350
64047 65359
64048 65514
64175 65557
64221 65582
64732 65641
64883 65843
64899 65959
64914 66389
65037 66502
65082 66585
65083 66788
65322 66916
65356 66925
65395 66992
65541 67097
65619 67531
65993 67877
66108 67995
66305 68107
66339 68175
66402 68189
66452 68189
66552 68189
66558 68189
66618 68189
66622 68189
66663 68189
66667 68189
66924 68189
67074 68189
67121 68189
67152 68189
67240 68276
67254 68533
67285 68705
67302 68830
67367 68830
67370 68830
67413 68830
67432 68830
67613 68830
67643 68830
67695 68830
67799 68830
67969 68830
67972 68830
68189 68830
68253 68830
68265 68830
68284 68830
68315 68830
68369 68830
68372 68830
68519 69366
68768 69408
68828 69541
68830 69571
68843 69782
68955 69804
68976 69909
69085 69934
69194 69982
69240 70046
69281 70055
69479 70145
69942 70347
69968 70350
69995 70445
70047 70556
70074 71046
70204 71137
70360 71156
70419 71241
70496 71246
70592 71304
70600 71478
70656 71512
70708 71747
70753 71814
70928 72082
71075 72153
71169 72254
71244 72623
71303 72630
71475 72688
71678 72800
71836 72877
71867 73401
72054 73412
72130 73436
72249 73483
72336 73527
72577 73532
72647 73660
72691 73746
72917 73774
72947 74200
73036 74202
73127 74279
73434 74334
73444 74416
73558 74633
73601 74905
73608 75130
73916 75146
73919 75527
73956 75705
73964 76055
74055 76226
74153 76308
74246 76417
74377 76485
74692 76675
74788 76843
74831 77536
74870 77580
74898 77602
74923 77681
74924 77836
74953 77868
74962 77868
75009 77868
75094 77868
75184 77868
75378 77868
75404 77868
75472 77868
75531 77868
75684 77868
75794 77868
75858 77868
75875 77868
75911 77868
75997 77868
76036 77868
76047 78035
76126 78294
76171 78294
76173 78294
76255 78294
76258 78294
76319 78294
76373 78294
76433 78294
76460 78294
76489 78294
76971 78294
77221 78294
77501 78294
77868 78294
77873 78294
77902 78294
78018 78773
78021 78860
78061 79046
78101 79146
78206 79179
78239 79320
78247 79381
78276 79443
78294 79503
78315 79529
78389 79572
78439 79835
78580 79935
78656 80106
78666 80370
78856 80435
79176 80674
79243 80749
79313 80864
79322 80951
79415 81239
79688 81437
79982 81526
80006 81559
80153 81806
80155 82083
80189 82448
80208 82452
80209 82791
80224 83273
80298 83301
80479 83346
80545 83564
80675 83679
80735 84455
80898 84730
80907 84917
80976 85065
81119 85099
81123 85134
81196 85185
81215 85271
81275 85335
81350 85369
81443 85374
81598 85451
81625 85778
81836 85991
81846 86052
81871 86149
81994 86357
82222 86388
82288 86674
82450 86807
82578 86835
82592 86995
82605 86995
82730 86995
82977 86995
83009 86995
83161 86995
83211 86995
83258 86995
83264 86995
83357 86995
83437 87036
83519 87327
83586 87445
83588 87600
83812 87987
83891 87987
83922 87987
83942 87987
83958 87987
84065 87987
84178 87987
84214 87987
84222 87987
84223 87987
84713 87987
85035 87987
85637 87987
85721 87987
85926 87990
85932 88060
85938 88109
86088 88465
86176 88543
86205 88642
86267 88912
86348 88912
86435 88912
86995 88912
87254 88912
87307 89031
87344 89430
87364 89603
87523 89690
87621 89795
87646 89795
87689 89795
87830 89795
87987 89795
87994 89795
88124 89795
88140 89795
88155 89795
88205 89795
88381 89795
88418 89795
88449 89795
88519 89795
88684 89795
88775 89795
88856 90052
88912 90255
88934 90255
89026 90255
89051 90255
89068 90255
89091 90255
89346 90255
89371 90255
89426 90483
89435 90489
89749 90525
89795 90651
89881 91114
89922 91325
89938 91636
90101 91890
90255 91981
90404 92011
90521 92068
90705 92449
90724 92607
91249 92717
91314 92723
91507 92731
91562 92753
91709 92869
91784 92869
92019 92869
92054 92869
92077 92869
92099 92869
92150 92869
92546 92869
92869 92869
92923 92869
93000 92888
93111 93094
93209 93403
93231 93491
93517 93568
93607 93653
93644 93653
93653 93653
93716 93653
93760 93653
93909 93653
93917 93653
94028 93653
94063 93653
94280 93653
94668 93653
94670 93653
94680 93653
94689 93653
94697 93653
94733 93653
94778 93653
94894 93653
94954 93653
95204 93788
95278 94081
95318 94340
95402 94888
95464 94895
95596 94990
95656 95142
95812 95459
95853 95478
96043 95555
96101 95746
96166 95783
96272 95801
96299 95850
96351 96101
96428 96101
96480 96101
96528 96101
96731 96101
96806 96101
96823 96101
97130 96101
97178 96101
97201 96101
97283 96101
97490 96101
97533 96101
97647 96101
97686 96101
97751 96101
97828 96101
97836 96101
97888 96101
98022 96101
98042 96521
98080 96638
98413 97404
98537 97432
98564 97617
98854 97703
98961 97853
98964 97982
99051 98414
99194 98658
99351 98671
99450 98749
99464 98953
99522 99097
99645 99228
99662 99327
99689 99355
99694 99509
99959 99897
